the input file of exercise 2-1-(a) 
    6    1    1    1
    1    0    0    1      0    10      0.0    
    2    0    0    1      20   10      0.0    
    3    0    0    1      40   10      0.0
    4    1    1    1      40   0       0.0    
    5    0    0    1      20   0       0.0    
    6    1    1    1      0    0       0.0     
    1    1
    2    2    -1
    1    11    1
    1   2.0E5    1
    1    1    2    1    0
    2    2    3    1    0   
    3    3    4    1    0
    4    4    5    1    0
    5    5    6    1    0
    6    6    1    1    0   
    7    1    5    1    0
    8    6    2    1    0
    9    2    4    1    0
    10   5    3    1    0
    11   2    5    1    0
stop
