the input file of exercise 2-1-(b) 
    8    1    1    2
    1    1    1    1    1    1    1      0    10      0.0    
    2    0    0    0    0    0    0      10   10      0.0    
    3    0    0    0    0    0    0      20   10      0.0
    4    0    0    0    0    0    0      30   10      0.0
    5    0    0    0    0    0    0      30   0       0.0    
    6    0    0    0    0    0    0      20   0       0.0 
    7    0    0    0    0    0    0      10   0       0.0    
    8    1    1    1    1    1    1      0    0       0.0     
    1    1    1   0.01    -0.1    -0.1       0  
    4    2    -10000
    2    16    1
    1   2.0E5 3.1416     0.7854     0.7854     1.5708    0.3 1000 0.1
    1    1    2    1    0
    2    2    3    1    0   
    3    3    4    1    0
    4    4    5    1    0
    5    5    6    1    0
    6    6    7    1    0   
    7    7    8    1    0
    8    8    1    1    0
    9    2    7    1    0
    10   3    6    1    0
    11   1    7    1    0
    12   2    8    1    0
    13   2    6    1    0
    14   3    7    1    0
    15   3    5    1    0
    16   4    6    1    0
stop
