q1
15 1 1 1
1 1 1 1 0 1 0
2 1 1 1 0 0 0
3 1 1 1 0 0.5 0
4 0 0 1 2 0.5 0
5 0 0 1 0.5 0.125 0
6 0 0 1 1 0.25 0
7 0 0 1 1.5 0.375 0
8 0 0 1 2 1 0
9 0 0 1 2 0.75 0
10 0 0 1 1.5 1 0
11 0 0 1 1 1 0
12 0 0 1 0.5 1 0
13 0 0 1 1.5 0.6875 0
14 0 0 1 1 0.625 0
15 0 0 1 0.5 0.5625 0
1 2
8 2 -20
6 1 20
3 16 1
1 3E7 0.3
1 2 5 3 1
2 5 15 3 1
3 5 6 15 1
4 6 14 15 1
5 6 7 14 1
6 7 13 14 1
7 7 4 13 1
8 4 9 13 1
9 3 15 1 1
10 15 12 1 1
11 15 14 12 1
12 14 11 12 1
13 14 13 11 1 
14 13 10 11 1
15 13 9 10 1
16 9 8 10 1
stop