               1               0               0               0               0               0               0    1.537447e+01   -2.972613e+00    1.376822e+00
               2               0               0               0               0               0               0    1.762447e+01   -2.972670e+00    1.377259e+00
               3               0               0               0               0               0               0    1.774941e+01   -3.964123e+00    1.507770e+00
               4               0               0               0               0               0               0    1.712440e+01   -4.360660e+00    1.560053e+00
               5               0               0               0               0               0               0    1.712445e+01   -3.369215e+00    1.429526e+00
               6               0               0               0               0               0               0    1.524941e+01   -3.964060e+00    1.507285e+00
               7               0               0               0               0               0               0    1.587439e+01   -4.360628e+00    1.559810e+00
               8               0               0               0               0               0               0    1.587444e+01   -3.369183e+00    1.429284e+00
               9               0               0               0               0               0               0    1.699949e+01   -2.417420e+00    1.304236e+00
              10               0               0               0               0               0               0    1.649952e+01   -1.981151e+00    1.246861e+00
              11               0               0               0               0               0               0    1.649977e+01   -1.980930e+00   -5.572765e-02
              12               0               0               0               0               0               0    1.650000e+01   -1.980728e+00   -1.247594e+00
              13               0               0               0               0               0               0    1.749977e+01   -1.099705e+00    7.682099e-02
              14               0               0               0               0               0               0    1.749956e+01   -1.099933e+00    1.130723e+00
              15               0               0               0               0               0               0    1.849961e+01   -2.187146e-01    1.014585e+00
              16               0               0               0               0               0               0    1.949965e+01    6.625036e-01    8.984475e-01
              17               0               0               0               0               0               0    1.993799e+01    6.613940e-01    8.985395e-01
              18               0               0               0               0               0               0    1.849978e+01   -2.184660e-01    1.058362e-01
              19               0               0               0               0               0               0    1.850000e+01   -2.181592e-01   -1.015548e+00
              20               0               0               0               0               0               0    1.993834e+01    6.620445e-01   -8.996666e-01
              21               0               0               0               0               0               0    2.050000e+01    1.544409e+00   -7.835011e-01
              22               0               0               0               0               0               0    1.950000e+01    6.631251e-01   -8.995244e-01
              23               0               0               0               0               0               0    1.920309e+01   -4.930225e-01   -1.051734e+00
              24               0               0               0               0               0               0    1.993816e+01    6.617163e-01    7.580441e-03
              25               0               0               0               0               0               0    1.920268e+01   -4.936243e-01    1.050691e+00
              26               0               0               0               0               0               0    1.750000e+01   -1.099444e+00   -1.131571e+00
              27               0               0               0               0               0               0    1.780978e+01   -4.441639e+00    7.061759e-01
              28               0               0               0               0               0               0    1.768537e+01   -3.454566e+00    6.440006e-01
              29               0               0               0               0               0               0    1.649942e+01   -3.864896e+00    1.494861e+00
              30               0               0               0               0               0               0    1.599949e+01   -2.417394e+00    1.304042e+00
              31               0               0               0               0               0               0    1.549977e+01   -1.099654e+00    7.643293e-02
              32               0               0               0               0               0               0              17   -2.416964e+00   -1.305026e+00
              33               0               0               0               0               0               0    1.549956e+01   -1.099882e+00    1.130335e+00
              34               0               0               0               0               0               0    1.458566e+01   -1.733319e+00    1.213268e+00
              35               0               0               0               0               0               0    1.379673e+01   -4.931553e-01   -1.068034e-01
              36               0               0               0               0               0               0    1.458613e+01   -1.732769e+00   -1.215705e+00
              37               0               0               0               0               0               0    1.550000e+01   -1.099393e+00   -1.131959e+00
              38               0               0               0               0               0               0    1.379691e+01   -4.928845e-01   -1.052783e+00
              39               0               0               0               0               0               0    1.537500e+01   -2.972115e+00   -1.378557e+00
              40               0               0               0               0               0               0    1.525000e+01   -3.963554e+00   -1.509132e+00
              41               0               0               0               0               0               0    1.512500e+01   -4.954992e+00   -1.639706e+00
              42               0               0               0               0               0               0    1.518808e+01   -4.453698e+00   -8.769017e-01
              43               0               0               0               0               0               0    1.532078e+01   -3.401362e+00   -8.492543e-01
              44               0               0               0               0               0               0    1.524862e+01   -3.972612e+00   -1.448473e-01
              45               0               0               0               0               0               0    1.518934e+01   -4.441572e+00    7.056674e-01
              46               0               0               0               0               0               0    1.512436e+01   -4.955506e+00    1.637749e+00
              47               0               0               0               0               0               0    1.531382e+01   -3.454505e+00    6.435405e-01
              48               0               0               0               0               0               0    1.841340e+01   -1.733416e+00    1.214010e+00
              49               0               0               0               0               0               0    1.841365e+01   -1.733129e+00   -5.569949e-02
              50               0               0               0               0               0               0    1.762500e+01   -2.972173e+00   -1.378120e+00
              51               0               0               0               0               0               0              16   -2.416938e+00   -1.305220e+00
              52               0               0               0               0               0               0    1.920290e+01   -4.932933e-01   -1.057544e-01
              53               0               0               0               0               0               0    2.049985e+01    1.544058e+00    1.623484e-02
              54               0               0               0               0               0               0    2.049970e+01    1.543722e+00    7.823095e-01
              55               0               0               0               0               0               0    1.949982e+01    6.628042e-01    2.859781e-02
              56               0               0               0               0               0               0    2.050000e+01    2.294878e+00   -6.847000e-01
              57               0               0               0               0               0               0    2.080222e+01    2.294878e+00   -6.847000e-01
              58               0               0               0               0               0               0    2.080195e+01    2.294170e+00    6.834738e-01
              59               0               0               0               0               0               0    2.049977e+01    3.037774e+00    5.856138e-01
              60               0               0               0               0               0               0    2.050000e+01    3.038462e+00   -5.868053e-01
              61               0               0               0               0               0               0    2.110034e+01    3.035177e+00   -5.872378e-01
              62               0               0               0               0               0               0    2.110011e+01    3.034450e+00    5.859774e-01
              63               0               0               0               0               0               0    2.049981e+01    3.781358e+00    4.877191e-01
              64               0               0               0               0               0               0    2.049973e+01    2.294190e+00    6.835085e-01
              65               0               0               0               0               0               0    1.775085e+01   -3.972676e+00   -1.443618e-01
              66               0               0               0               0               0               0    1.781165e+01   -4.453765e+00   -8.763927e-01
              67               0               0               0               0               0               0    1.787500e+01   -4.955062e+00   -1.639173e+00
              68               0               0               0               0               0               0    1.792795e+01   -5.376401e+00   -8.874924e-01
              69               0               0               0               0               0               0    1.799395e+01   -5.901580e+00    4.944247e-02
              70               0               0               0               0               0               0    1.793707e+01   -5.451605e+00    8.051881e-01
              71               0               0               0               0               0               0    1.805107e+01   -6.356050e+00    8.602287e-01
              72               0               0               0               0               0               0    1.799931e+01   -5.947030e+00    1.768794e+00
              73               0               0               0               0               0               0    1.787436e+01   -4.955576e+00    1.638282e+00
              74               0               0               0               0               0               0    1.724929e+01   -6.360082e+00    1.823266e+00
              75               0               0               0               0               0               0    1.724934e+01   -5.368637e+00    1.692740e+00
              76               0               0               0               0               0               0    1.841387e+01   -1.732867e+00   -1.214963e+00
              77               0               0               0               0               0               0    1.458590e+01   -1.733031e+00   -5.644220e-02
              78               0               0               0               0               0               0    1.379651e+01   -4.934864e-01    1.049642e+00
              79               0               0               0               0               0               0    1.306149e+01    6.618918e-01    6.246146e-03
              80               0               0               0               0               0               0    1.306166e+01    6.622200e-01   -9.010009e-01
              81               0               0               0               0               0               0    1.450000e+01   -2.180572e-01   -1.016324e+00
              82               0               0               0               0               0               0    1.349982e+01    6.629574e-01    2.743362e-02
              83               0               0               0               0               0               0    1.350000e+01    6.632782e-01   -9.006886e-01
              84               0               0               0               0               0               0    1.449978e+01   -2.183639e-01    1.050601e-01
              85               0               0               0               0               0               0    1.712500e+01   -3.368751e+00   -1.430331e+00
              86               0               0               0               0               0               0    1.650000e+01   -3.864473e+00   -1.495594e+00
              87               0               0               0               0               0               0    1.712500e+01   -4.360196e+00   -1.560857e+00
              88               0               0               0               0               0               0    1.775000e+01   -3.963618e+00   -1.508647e+00
              89               0               0               0               0               0               0    1.587500e+01   -3.368719e+00   -1.430573e+00
              90               0               0               0               0               0               0    1.537475e+01   -2.972348e+00   -9.283581e-02
              91               0               0               0               0               0               0    1.507174e+01   -5.376328e+00   -8.880466e-01
              92               0               0               0               0               0               0              15   -5.946431e+00   -1.770281e+00
              93               0               0               0               0               0               0    1.487500e+01   -6.937869e+00   -1.900856e+00
              94               0               0               0               0               0               0    1.575000e+01   -6.359571e+00   -1.824376e+00
              95               0               0               0               0               0               0    1.575000e+01   -5.368126e+00   -1.693850e+00
              96               0               0               0               0               0               0    1.587500e+01   -4.360164e+00   -1.561100e+00
              97               0               0               0               0               0               0    1.574934e+01   -5.368599e+00    1.692449e+00
              98               0               0               0               0               0               0    1.649932e+01   -5.864310e+00    1.758089e+00
              99               0               0               0               0               0               0    1.574929e+01   -6.360044e+00    1.822975e+00
             100               0               0               0               0               0               0    1.499931e+01   -5.946953e+00    1.768212e+00
             101               0               0               0               0               0               0    1.487426e+01   -6.938400e+00    1.898676e+00
             102               0               0               0               0               0               0    1.474978e+01   -7.925375e+00    2.028551e+00
             103               0               0               0               0               0               0    1.562419e+01   -8.354738e+00    2.085519e+00
             104               0               0               0               0               0               0    1.649922e+01   -7.859003e+00    2.020695e+00
             105               0               0               0               0               0               0    1.562424e+01   -7.363293e+00    1.954992e+00
             106               0               0               0               0               0               0    1.462416e+01   -8.921293e+00    2.159602e+00
             107               0               0               0               0               0               0    1.762475e+01   -2.972405e+00   -9.239924e-02
             108               0               0               0               0               0               0    2.050000e+01    3.782045e+00   -4.889107e-01
             109               0               0               0               0               0               0    2.140111e+01    3.782045e+00   -4.889107e-01
             110               0               0               0               0               0               0    2.140092e+01    3.781298e+00    4.876158e-01
             111               0               0               0               0               0               0    2.049985e+01    4.524941e+00    3.898244e-01
             112               0               0               0               0               0               0    1.949737e+01    4.525008e+00    3.899393e-01
             113               0               0               0               0               0               0    2.050000e+01    4.525629e+00   -3.910161e-01
             114               0               0               0               0               0               0    2.169944e+01    4.522865e+00   -3.913800e-01
             115               0               0               0               0               0               0    2.169929e+01    4.522098e+00    3.900509e-01
             116               0               0               0               0               0               0    2.249687e+01    4.522045e+00    3.899595e-01
             117               0               0               0               0               0               0    2.249702e+01    4.522865e+00   -3.913800e-01
             118               0               0               0               0               0               0    2.199989e+01    5.268426e+00    2.917578e-01
             119               0               0               0               0               0               0    2.324985e+01    4.521995e+00    3.898731e-01
             120               0               0               0               0               0               0              24    4.522865e+00   -3.913800e-01
             121               0               0               0               0               0               0    2.325000e+01    4.522865e+00   -3.913800e-01
             122               0               0               0               0               0               0    2.116499e+01    4.854612e+00    3.463404e-01
             123               0               0               0               0               0               0    1.767899e+01   -3.401422e+00   -8.487968e-01
             124               0               0               0               0               0               0              18   -5.946507e+00   -1.769699e+00
             125               0               0               0               0               0               0    1.812500e+01   -6.937952e+00   -1.900225e+00
             126               0               0               0               0               0               0    1.725000e+01   -6.359609e+00   -1.824085e+00
             127               0               0               0               0               0               0    1.725000e+01   -5.368165e+00   -1.693559e+00
             128               0               0               0               0               0               0    1.806358e+01   -6.452229e+00   -9.864612e-01
             129               0               0               0               0               0               0    1.812426e+01   -6.938483e+00    1.899306e+00
             130               0               0               0               0               0               0    1.449961e+01   -2.186125e-01    1.013809e+00
             131               0               0               0               0               0               0    1.306131e+01    6.615695e-01    8.972052e-01
             132               0               0               0               0               0               0    1.250000e+01    1.544614e+00   -7.850534e-01
             133               0               0               0               0               0               0    1.249985e+01    1.544262e+00    1.468258e-02
             134               0               0               0               0               0               0    1.349965e+01    6.626567e-01    8.972833e-01
             135               0               0               0               0               0               0    1.500534e+01   -5.901504e+00    4.886258e-02
             136               0               0               0               0               0               0    1.493609e+01   -6.452149e+00   -9.870680e-01
             137               0               0               0               0               0               0    1.481215e+01   -7.435257e+00   -1.173557e+00
             138               0               0               0               0               0               0    1.475056e+01   -7.924836e+00   -2.030842e+00
             139               0               0               0               0               0               0    1.562500e+01   -8.354258e+00   -2.087031e+00
             140               0               0               0               0               0               0    1.650000e+01   -7.858580e+00   -2.021428e+00
             141               0               0               0               0               0               0    1.737500e+01   -7.362857e+00   -1.956165e+00
             142               0               0               0               0               0               0    1.650000e+01   -5.863887e+00   -1.758822e+00
             143               0               0               0               0               0               0    1.479967e+01   -7.531608e+00    6.835360e-01
             144               0               0               0               0               0               0    1.737419e+01   -8.354783e+00    2.085858e+00
             145               0               0               0               0               0               0    1.737424e+01   -7.363338e+00    1.955332e+00
             146               0               0               0               0               0               0    1.824865e+01   -7.925464e+00    2.029229e+00
             147               0               0               0               0               0               0    1.837416e+01   -8.921389e+00    2.160330e+00
             148               0               0               0               0               0               0    1.467451e+01   -8.523571e+00    1.065792e+00
             149               0               0               0               0               0               0    1.473820e+01   -8.020464e+00   -3.178483e-01
             150               0               0               0               0               0               0    1.468198e+01   -8.467601e+00   -1.233773e+00
             151               0               0               0               0               0               0    1.506196e+01   -5.451532e+00    8.046303e-01
             152               0               0               0               0               0               0    1.849985e+01    4.525074e+00    3.900537e-01
             153               0               0               0               0               0               0    1.749985e+01    4.525140e+00    3.901683e-01
             154               0               0               0               0               0               0    1.699987e+01    4.896965e+00    3.412783e-01
             155               0               0               0               0               0               0    1.649989e+01    5.268790e+00    2.923883e-01
             156               0               0               0               0               0               0    1.550000e+01    5.269264e+00   -2.935095e-01
             157               0               0               0               0               0               0    1.650000e+01    5.269213e+00   -2.931214e-01
             158               0               0               0               0               0               0              16    4.897446e+00   -3.422628e-01
             159               0               0               0               0               0               0    1.650000e+01    4.525629e+00   -3.910161e-01
             160               0               0               0               0               0               0    1.850000e+01    4.525629e+00   -3.910161e-01
             161               0               0               0               0               0               0              18    4.897421e+00   -3.420688e-01
             162               0               0               0               0               0               0    1.750000e+01    4.525629e+00   -3.910161e-01
             163               0               0               0               0               0               0              17    4.897421e+00   -3.420688e-01
             164               0               0               0               0               0               0    2.116512e+01    4.855344e+00   -3.476083e-01
             165               0               0               0               0               0               0    1.999938e+01    4.897881e+00   -3.420083e-01
             166               0               0               0               0               0               0    1.950000e+01    5.269213e+00   -2.931214e-01
             167               0               0               0               0               0               0    1.849989e+01    5.268657e+00    2.921590e-01
             168               0               0               0               0               0               0    1.749989e+01    5.268723e+00    2.922736e-01
             169               0               0               0               0               0               0              22    5.269213e+00   -2.931214e-01
             170               0               0               0               0               0               0    2.130041e+01    6.012796e+00   -1.952268e-01
             171               0               0               0               0               0               0    2.209814e+01    6.753902e+00   -9.765838e-02
             172               0               0               0               0               0               0    2.230321e+01    6.022146e+00   -1.939959e-01
             173               0               0               0               0               0               0    2.050000e+01    5.269213e+00   -2.931214e-01
             174               0               0               0               0               0               0              23    4.897421e+00   -3.420688e-01
             175               0               0               0               0               0               0    2.230313e+01    6.021339e+00    1.925975e-01
             176               0               0               0               0               0               0    2.209810e+01    6.753108e+00    9.628346e-02
             177               0               0               0               0               0               0    2.130033e+01    6.012056e+00    1.939433e-01
             178               0               0               0               0               0               0    2.049989e+01    5.268525e+00    2.919298e-01
             179               0               0               0               0               0               0    1.999925e+01    4.897226e+00    3.408740e-01
             180               0               0               0               0               0               0    2.299987e+01    4.896568e+00    3.405905e-01
             181               0               0               0               0               0               0    2.399985e+01    4.521945e+00    3.897872e-01
             182               0               0               0               0               0               0    1.949753e+01    4.525629e+00   -3.910161e-01
             183               0               0               0               0               0               0    1.899938e+01    4.896960e+00   -3.421294e-01
             184               0               0               0               0               0               0    1.818754e+01   -7.435344e+00   -1.172902e+00
             185               0               0               0               0               0               0    1.824944e+01   -7.924925e+00   -2.030163e+00
             186               0               0               0               0               0               0    1.737500e+01   -8.354302e+00   -2.086691e+00
             187               0               0               0               0               0               0    1.562500e+01   -7.362813e+00   -1.956505e+00
             188               0               0               0               0               0               0    1.249970e+01    1.543926e+00    7.807573e-01
             189               0               0               0               0               0               0    1.250000e+01    2.295082e+00   -6.862523e-01
             190               0               0               0               0               0               0    1.249973e+01    2.294394e+00    6.819562e-01
             191               0               0               0               0               0               0    1.219752e+01    2.294390e+00    6.818042e-01
             192               0               0               0               0               0               0    1.219778e+01    2.295098e+00   -6.863695e-01
             193               0               0               0               0               0               0    1.189943e+01    3.034684e+00    5.841922e-01
             194               0               0               0               0               0               0    1.249977e+01    3.037978e+00    5.840615e-01
             195               0               0               0               0               0               0    1.250000e+01    3.038666e+00   -5.883576e-01
             196               0               0               0               0               0               0    1.189966e+01    3.035412e+00   -5.890231e-01
             197               0               0               0               0               0               0    1.249981e+01    3.781562e+00    4.861668e-01
             198               0               0               0               0               0               0    1.494789e+01   -6.355970e+00    8.596267e-01
             199               0               0               0               0               0               0    1.462500e+01   -8.920746e+00   -2.162005e+00
             200               0               0               0               0               0               0    1.450000e+01   -9.912185e+00   -2.292580e+00
             201               0               0               0               0               0               0    1.437500e+01   -1.090362e+01   -2.423155e+00
             202               0               0               0               0               0               0    1.444330e+01   -1.036020e+01   -1.170111e+00
             203               0               0               0               0               0               0    1.450685e+01   -9.854637e+00   -4.346625e-03
             204               0               0               0               0               0               0    1.456089e+01   -9.424653e+00    9.925684e-01
             205               0               0               0               0               0               0    1.449911e+01   -9.912740e+00    2.290066e+00
             206               0               0               0               0               0               0    1.550214e+01   -1.034497e+01    2.347476e+00
             207               0               0               0               0               0               0    1.437406e+01   -1.090419e+01    2.420529e+00
             208               0               0               0               0               0               0    1.537406e+01   -1.090417e+01    2.421032e+00
             209               0               0               0               0               0               0    1.424901e+01   -1.189358e+01    2.550722e+00
             210               0               0               0               0               0               0    1.574901e+01   -1.189356e+01    2.551476e+00
             211               0               0               0               0               0               0    1.649906e+01   -1.090415e+01    2.421597e+00
             212               0               0               0               0               0               0    1.832426e+01   -8.523664e+00    1.066500e+00
             213               0               0               0               0               0               0    1.819929e+01   -7.531694e+00    6.841956e-01
             214               0               0               0               0               0               0    1.826113e+01   -8.020555e+00   -3.171647e-01
             215               0               0               0               0               0               0    1.831768e+01   -8.467693e+00   -1.233067e+00
             216               0               0               0               0               0               0    1.444496e+01   -1.034376e+01    1.125718e+00
             217               0               0               0               0               0               0    1.899925e+01    4.896372e+00    3.411098e-01
             218               0               0               0               0               0               0    1.850000e+01    5.269213e+00   -2.931214e-01
             219               0               0               0               0               0               0    1.799987e+01    4.896899e+00    3.411637e-01
             220               0               0               0               0               0               0    1.649985e+01    4.525206e+00    3.902829e-01
             221               0               0               0               0               0               0    1.599987e+01    4.896990e+00    3.410842e-01
             222               0               0               0               0               0               0    1.549989e+01    5.268775e+00    2.918856e-01
             223               0               0               0               0               0               0    1.449989e+01    5.268759e+00    2.913829e-01
             224               0               0               0               0               0               0    1.400049e+01    4.896499e+00    3.401398e-01
             225               0               0               0               0               0               0    1.349989e+01    5.268744e+00    2.908802e-01
             226               0               0               0               0               0               0    1.250000e+01    5.269417e+00   -2.946737e-01
             227               0               0               0               0               0               0    1.099989e+01    5.268706e+00    2.896235e-01
             228               0               0               0               0               0               0    1.069679e+01    6.022442e+00   -1.962479e-01
             229               0               0               0               0               0               0              11    5.269494e+00   -2.952558e-01
             230               0               0               0               0               0               0    9.999868e+00    4.896900e+00    3.380681e-01
             231               0               0               0               0               0               0    1.183475e+01    4.854850e+00    3.445300e-01
             232               0               0               0               0               0               0    1.249989e+01    5.268729e+00    2.903775e-01
             233               0               0               0               0               0               0    1.350000e+01    5.269366e+00   -2.942856e-01
             234               0               0               0               0               0               0    1.400062e+01    4.897088e+00   -3.430993e-01
             235               0               0               0               0               0               0    1.350247e+01    4.525782e+00   -3.921793e-01
             236               0               0               0               0               0               0    1.250000e+01    4.525833e+00   -3.925683e-01
             237               0               0               0               0               0               0    1.350232e+01    4.525161e+00    3.887761e-01
             238               0               0               0               0               0               0    1.449985e+01    4.525176e+00    3.892775e-01
             239               0               0               0               0               0               0    1.549985e+01    4.525191e+00    3.897803e-01
             240               0               0               0               0               0               0    1.750000e+01    5.269213e+00   -2.931214e-01
             241               0               0               0               0               0               0    1.550000e+01    4.525680e+00   -3.914042e-01
             242               0               0               0               0               0               0              15    4.897497e+00   -3.426509e-01
             243               0               0               0               0               0               0    1.450000e+01    5.269315e+00   -2.938976e-01
             244               0               0               0               0               0               0    1.450000e+01    4.525731e+00   -3.917922e-01
             245               0               0               0               0               0               0    1.300049e+01    4.897404e+00    3.395160e-01
             246               0               0               0               0               0               0    1.183488e+01    4.855582e+00   -3.494186e-01
             247               0               0               0               0               0               0    1.300062e+01    4.898059e+00   -3.433662e-01
             248               0               0               0               0               0               0    1.949989e+01    5.268591e+00    2.920444e-01
             249               0               0               0               0               0               0    2.289662e+01    7.495691e+00   -7.348558e-09
             250               0               0               0               0               0               0    2.260012e+01    6.759434e+00   -9.693012e-02
             251               0               0               0               0               0               0    1.837500e+01   -8.920842e+00   -2.161278e+00
             252               0               0               0               0               0               0    1.850000e+01   -9.912287e+00   -2.291804e+00
             253               0               0               0               0               0               0    1.862500e+01   -1.090373e+01   -2.422330e+00
             254               0               0               0               0               0               0    1.855624e+01   -1.036031e+01   -1.169313e+00
             255               0               0               0               0               0               0    1.849227e+01   -9.854739e+00   -3.573326e-03
             256               0               0               0               0               0               0    1.843786e+01   -9.424751e+00    9.933207e-01
             257               0               0               0               0               0               0    1.849911e+01   -9.912842e+00    2.290842e+00
             258               0               0               0               0               0               0    1.749603e+01   -1.034502e+01    2.347863e+00
             259               0               0               0               0               0               0    1.862406e+01   -1.090429e+01    2.421354e+00
             260               0               0               0               0               0               0    1.762406e+01   -1.090423e+01    2.421469e+00
             261               0               0               0               0               0               0    1.874901e+01   -1.189369e+01    2.551595e+00
             262               0               0               0               0               0               0    1.724901e+01   -1.189360e+01    2.551767e+00
             263               0               0               0               0               0               0    1.250000e+01    3.782249e+00   -4.904630e-01
             264               0               0               0               0               0               0    1.159889e+01    3.782295e+00   -4.908127e-01
             265               0               0               0               0               0               0    1.159870e+01    3.781548e+00    4.857139e-01
             266               0               0               0               0               0               0    1.249985e+01    4.525146e+00    3.882722e-01
             267               0               0               0               0               0               0    1.130041e+01    4.522363e+00    3.880332e-01
             268               0               0               0               0               0               0    1.050298e+01    4.523171e+00   -3.937072e-01
             269               0               0               0               0               0               0              10    4.897753e+00   -3.445912e-01
             270               0               0               0               0               0               0    1.130056e+01    4.523130e+00   -3.933977e-01
             271               0               0               0               0               0               0    1.549602e+01   -9.352574e+00   -2.218513e+00
             272               0               0               0               0               0               0    1.550306e+01   -1.034448e+01   -2.349096e+00
             273               0               0               0               0               0               0    1.650000e+01   -9.850322e+00   -2.283646e+00
             274               0               0               0               0               0               0    1.456767e+01   -9.373875e+00   -1.115099e+00
             275               0               0               0               0               0               0    1.649911e+01   -9.850744e+00    2.282913e+00
             276               0               0               0               0               0               0    1.549516e+01   -9.353064e+00    2.216886e+00
             277               0               0               0               0               0               0    1.437432e+01   -1.090403e+01    1.109163e+00
             278               0               0               0               0               0               0    1.487396e+01   -1.288707e+01    2.681833e+00
             279               0               0               0               0               0               0    1.412396e+01   -1.288708e+01    2.681456e+00
             280               0               0               0               0               0               0    1.413550e+01   -1.279669e+01    1.743800e+00
             281               0               0               0               0               0               0    1.399950e+01   -1.387590e+01    2.811574e+00
             282               0               0               0               0               0               0    1.855369e+01   -1.034386e+01    1.126515e+00
             283               0               0               0               0               0               0    1.499987e+01    4.896975e+00    3.405816e-01
             284               0               0               0               0               0               0    1.069671e+01    6.021635e+00    1.903455e-01
             285               0               0               0               0               0               0    1.090182e+01    6.753394e+00    9.411103e-02
             286               0               0               0               0               0               0    1.169952e+01    6.012300e+00    1.920805e-01
             287               0               0               0               0               0               0    1.039988e+01    6.759745e+00   -9.929735e-02
             288               0               0               0               0               0               0    1.090186e+01    6.754188e+00   -9.983082e-02
             289               0               0               0               0               0               0    1.010338e+01    7.496017e+00   -2.482305e-03
             290               0               0               0               0               0               0    1.169959e+01    6.013041e+00   -1.970897e-01
             291               0               0               0               0               0               0    8.999849e+00    4.522328e+00    3.868767e-01
             292               0               0               0               0               0               0    1.750398e+01   -9.352625e+00   -2.218123e+00
             293               0               0               0               0               0               0    1.749694e+01   -1.034453e+01   -2.348710e+00
             294               0               0               0               0               0               0    1.843190e+01   -9.373973e+00   -1.114349e+00
             295               0               0               0               0               0               0    1.750312e+01   -9.353115e+00    2.217275e+00
             296               0               0               0               0               0               0    1.862432e+01   -1.090414e+01    1.109987e+00
             297               0               0               0               0               0               0    1.812396e+01   -1.288715e+01    2.682464e+00
             298               0               0               0               0               0               0    1.887396e+01   -1.288720e+01    2.682378e+00
             299               0               0               0               0               0               0    1.886278e+01   -1.279681e+01    1.744718e+00
             300               0               0               0               0               0               0    1.899832e+01   -1.387603e+01    2.812543e+00
             301               0               0               0               0               0               0    1.050283e+01    4.522351e+00    3.876322e-01
             302               0               0               0               0               0               0    9.749849e+00    4.522340e+00    3.872537e-01
             303               0               0               0               0               0               0               9    4.523247e+00   -3.942905e-01
             304               0               0               0               0               0               0    9.750000e+00    4.523209e+00   -3.939994e-01
             305               0               0               0               0               0               0    1.537500e+01   -1.090367e+01   -2.422766e+00
             306               0               0               0               0               0               0    1.575000e+01   -1.189308e+01   -2.552877e+00
             307               0               0               0               0               0               0    1.425000e+01   -1.189301e+01   -2.553459e+00
             308               0               0               0               0               0               0    1.424973e+01   -1.189316e+01   -1.177255e+00
             309               0               0               0               0               0               0    1.437479e+01   -1.090375e+01   -1.313795e+00
             310               0               0               0               0               0               0    1.437456e+01   -1.090389e+01   -1.360279e-01
             311               0               0               0               0               0               0    1.424934e+01   -1.189339e+01    8.500783e-01
             312               0               0               0               0               0               0    1.039984e+01    6.758918e+00    9.313042e-02
             313               0               0               0               0               0               0    1.010338e+01    7.495171e+00   -3.948763e-03
             314               0               0               0               0               0               0    1.762500e+01   -1.090373e+01   -2.422330e+00
             315               0               0               0               0               0               0    1.725000e+01   -1.189312e+01   -2.552586e+00
             316               0               0               0               0               0               0    1.875000e+01   -1.189312e+01   -2.552586e+00
             317               0               0               0               0               0               0    1.874973e+01   -1.189328e+01   -1.176382e+00
             318               0               0               0               0               0               0    1.862478e+01   -1.090386e+01   -1.312970e+00
             319               0               0               0               0               0               0    1.862456e+01   -1.090400e+01   -1.352033e-01
             320               0               0               0               0               0               0    1.874934e+01   -1.189350e+01    8.509514e-01
             321               0               0               0               0               0               0    1.650000e+01   -1.090373e+01   -2.422330e+00
             322               0               0               0               0               0               0    1.812500e+01   -1.288662e+01   -2.683382e+00
             323               0               0               0               0               0               0    1.899941e+01   -1.387544e+01   -2.813562e+00
             324               0               0               0               0               0               0    1.887500e+01   -1.288662e+01   -2.683382e+00
             325               0               0               0               0               0               0    1.487500e+01   -1.288654e+01   -2.684013e+00
             326               0               0               0               0               0               0    1.400059e+01   -1.387531e+01   -2.814533e+00
             327               0               0               0               0               0               0    1.412500e+01   -1.288650e+01   -2.684304e+00
             328               0               0               0               0               0               0    1.413721e+01   -1.278836e+01   -1.916696e+00
             329               0               0               0               0               0               0    1.886250e+01   -1.278848e+01   -1.915780e+00
