               1               1               2               1
               2               3               2               1
               3               4               3               1
               4               5               4               1
               5               3               5               1
               6               6               1               1
               7               7               6               1
               8               8               7               1
               9               6               8               1
              10               2               5               1
              11               9               2               1
              12              10               9               1
              13              11              10               1
              14              12              11               1
              15              12              13               1
              16              13              14               1
              17              14              15               1
              18              15              16               1
              19              17              16               1
              20              15              17               1
              21              18              15               1
              22              19              18               1
              23              19              20               1
              24              20              21               1
              25              22              21               1
              26              20              22               1
              27              23              20               1
              28              24              23               1
              29              17              24               1
              30              25              17               1
              31              14              25               1
              32              18              14               1
              33              26              18               1
              34              26              19               1
              35               3              27               1
              36              28               3               1
              37               2              28               1
              38              29               4               1
              39               8              29               1
              40               1               8               1
              41              30               1               1
              42              10              30               1
              43              10              31               1
              44              12              31               1
              45              12              32               1
              46              26              32               1
              47              26              13               1
              48              10              13               1
              49              10              33               1
              50              33              30               1
              51              30              34               1
              52              34              35               1
              53              35              36               1
              54              36              37               1
              55              37              38               1
              56              36              38               1
              57              36              39               1
              58              40              39               1
              59              41              40               1
              60              42              41               1
              61              43              42               1
              62              43              44               1
              63              44              45               1
              64              45              46               1
              65               7              46               1
              66               6              45               1
              67              47               6               1
              68               1              47               1
              69              29               7               1
              70               5              29               1
              71              48               2               1
              72               9              48               1
              73              14               9               1
              74              48              14               1
              75              48              49               1
              76              49              50               1
              77              32              50               1
              78              12              51               1
              79              12              37               1
              80              25              15               1
              81              25              52               1
              82              48              52               1
              83              48              25               1
              84              53              16               1
              85              53              54               1
              86              16              54               1
              87              55              15               1
              88              19              55               1
              89              19              22               1
              90              53              20               1
              91              22              53               1
              92              22              55               1
              93              55              16               1
              94              21              53               1
              95              21              56               1
              96              56              57               1
              97              57              21               1
              98              58              21               1
              99              58              59               1
             100              59              60               1
             101              57              60               1
             102              61              57               1
             103              61              62               1
             104              62              63               1
             105              59              63               1
             106              64              59               1
             107              60              64               1
             108              24              20               1
             109              26              23               1
             110              25              24               1
             111              17              53               1
             112              17              54               1
             113              56              54               1
             114              64              56               1
             115              64              58               1
             116              57              58               1
             117              62              57               1
             118              62              58               1
             119              58              54               1
             120              10              14               1
             121              65              27               1
             122              65              66               1
             123              66              67               1
             124              67              68               1
             125              68              69               1
             126              70              69               1
             127              71              70               1
             128              72              71               1
             129              70              72               1
             130              73              70               1
             131              27              73               1
             132              28              27               1
             133              73               3               1
             134              72              73               1
             135              74              72               1
             136              75              74               1
             137              75              73               1
             138              28              65               1
             139               4              73               1
             140              34               1               1
             141              31              33               1
             142              37              31               1
             143              12              26               1
             144              32              76               1
             145              34              33               1
             146              34              77               1
             147              77              39               1
             148              51              39               1
             149              34              78               1
             150              35              38               1
             151              78              35               1
             152              78              79               1
             153              79              80               1
             154              81              80               1
             155              81              82               1
             156              83              82               1
             157              81              83               1
             158              38              81               1
             159              38              80               1
             160              37              84               1
             161              37              81               1
             162              81              84               1
             163              84              33               1
             164              77              36               1
             165               1              77               1
             166              39              43               1
             167              39              50               1
             168              50              85               1
             169              85              86               1
             170              86              87               1
             171              85              87               1
             172              88              85               1
             173              66              88               1
             174              40              43               1
             175              40              89               1
             176              39              89               1
             177              90              39               1
             178               1              90               1
             179              41              91               1
             180              92              41               1
             181              93              92               1
             182              94              93               1
             183              94              92               1
             184              92              95               1
             185              95              41               1
             186              96              41               1
             187              86              96               1
             188              42              40               1
             189              44              42               1
             190              47              44               1
             191              47              45               1
             192              97              46               1
             193              98              97               1
             194              98              99               1
             195              99             100               1
             196             100              97               1
             197              97              99               1
             198              99             101               1
             199             102             101               1
             200             103             102               1
             201             104             103               1
             202             105             104               1
             203             102             105               1
             204             106             102               1
             205             103             106               1
             206             105             103               1
             207              46               6               1
             208             100              46               1
             209               2             107               1
             210               2              49               1
             211              49              76               1
             212              76              50               1
             213              37              51               1
             214              52              76               1
             215              52              23               1
             216              23              19               1
             217              56              60               1
             218              59              62               1
             219             108              59               1
             220              60             108               1
             221              60              61               1
             222             109              61               1
             223             108             109               1
             224              61             108               1
             225             110              61               1
             226              63             110               1
             227              63             111               1
             228             112             111               1
             229             112             113               1
             230             113             114               1
             231             115             114               1
             232             115             116               1
             233             116             117               1
             234             117             115               1
             235             118             115               1
             236             118             116               1
             237             116             119               1
             238             120             119               1
             239             121             120               1
             240             121             116               1
             241             110              62               1
             242             109             110               1
             243             109             113               1
             244             111             113               1
             245             110             111               1
             246             115             110               1
             247             111             115               1
             248             111             122               1
             249             115             122               1
             250              63             108               1
             251             113              63               1
             252              54              64               1
             253              76              23               1
             254             123              66               1
             255             123              65               1
             256             124              67               1
             257             125             124               1
             258             126             125               1
             259             126             124               1
             260             124             127               1
             261             127              67               1
             262              87              67               1
             263             124              68               1
             264              69             128               1
             265              69              71               1
             266              71             129               1
             267             129              72               1
             268              72              75               1
             269              74             129               1
             270              98              74               1
             271              98              75               1
             272              33             130               1
             273              33              78               1
             274              78             130               1
             275             130             131               1
             276             131              79               1
             277              76              26               1
             278              78             131               1
             279              79              38               1
             280              80             132               1
             281             133              80               1
             282              83             133               1
             283              82             134               1
             284              82             130               1
             285              83             132               1
             286              80              83               1
             287              84             130               1
             288              51              36               1
             289             107              50               1
             290              89              86               1
             291              89              96               1
             292              96              40               1
             293              87              88               1
             294              91             135               1
             295              92              91               1
             296             136              92               1
             297              91             136               1
             298              93             137               1
             299             138              93               1
             300             139             138               1
             301             140             139               1
             302             141             140               1
             303             125             141               1
             304             128             125               1
             305             128             124               1
             306             142              94               1
             307             142             127               1
             308              95              94               1
             309             142              95               1
             310             101             100               1
             311             101             143               1
             312             101             105               1
             313             104             144               1
             314             145             104               1
             315             146             145               1
             316             147             146               1
             317             144             147               1
             318             145             144               1
             319             102             148               1
             320             143             102               1
             321             143             149               1
             322             137             149               1
             323             137             150               1
             324             149             150               1
             325             148             106               1
             326             148             143               1
             327              46             151               1
             328              88              50               1
             329              67              88               1
             330             152             112               1
             331             153             152               1
             332             153             154               1
             333             154             155               1
             334             155             156               1
             335             157             156               1
             336             158             157               1
             337             159             158               1
             338             159             153               1
             339             153             160               1
             340             161             160               1
             341             161             162               1
             342             159             162               1
             343             159             163               1
             344             162             163               1
             345             113             164               1
             346             165             113               1
             347             166             165               1
             348             167             166               1
             349             168             167               1
             350             155             168               1
             351             169             114               1
             352             170             169               1
             353             170             171               1
             354             171             172               1
             355             172             170               1
             356             173             170               1
             357             113             173               1
             358             108             113               1
             359             169             117               1
             360             174             169               1
             361             117             174               1
             362             114             117               1
             363             114             109               1
             364             115             109               1
             365             173             118               1
             366             173             169               1
             367             118             169               1
             368             118             175               1
             369             176             175               1
             370             177             176               1
             371             178             177               1
             372             111             178               1
             373             179             111               1
             374             179             112               1
             375             116             180               1
             376             180             119               1
             377             169             180               1
             378             164             169               1
             379             114             164               1
             380             120             174               1
             381             181             120               1
             382             119             181               1
             383             119             121               1
             384             174             121               1
             385             117             121               1
             386             182             113               1
             387             165             182               1
             388             173             165               1
             389             122             118               1
             390             122             178               1
             391             166             178               1
             392             183             166               1
             393             182             183               1
             394              88             123               1
             395             125             184               1
             396             185             125               1
             397             186             185               1
             398             140             186               1
             399             187             140               1
             400              93             187               1
             401             136              93               1
             402             142             126               1
             403             127             126               1
             404              68             128               1
             405             146             129               1
             406             144             146               1
             407             130             134               1
             408             131             133               1
             409             131             188               1
             410             189             188               1
             411             190             189               1
             412             190             191               1
             413             192             191               1
             414             193             192               1
             415             193             191               1
             416             191             188               1
             417             133             188               1
             418             132             133               1
             419             132             189               1
             420             189             192               1
             421             192             132               1
             422             191             132               1
             423             191             194               1
             424             194             195               1
             425             192             195               1
             426             196             192               1
             427             196             193               1
             428             193             197               1
             429             194             197               1
             430             190             194               1
             431             195             190               1
             432             134             188               1
             433             151             135               1
             434             198             151               1
             435             100             198               1
             436             151             100               1
             437             135             136               1
             438             135             198               1
             439             198             101               1
             440             199             138               1
             441             200             199               1
             442             201             200               1
             443             202             201               1
             444             203             202               1
             445             204             203               1
             446             204             205               1
             447             205             206               1
             448             206             207               1
             449             208             207               1
             450             209             208               1
             451             210             209               1
             452             210             211               1
             453             211             208               1
             454             208             210               1
             455             187             139               1
             456             185             141               1
             457             185             184               1
             458             129             145               1
             459             146             212               1
             460             213             146               1
             461             213             214               1
             462             184             214               1
             463             184             215               1
             464             214             215               1
             465             212             147               1
             466             212             213               1
             467             129             213               1
             468             149             148               1
             469             138             137               1
             470             150             199               1
             471             150             138               1
             472             138             187               1
             473             106             204               1
             474             205             106               1
             475             207             205               1
             476             216             207               1
             477             203             216               1
             478              50             123               1
             479             112             217               1
             480             160             112               1
             481             160             183               1
             482             183             218               1
             483             168             218               1
             484             157             168               1
             485             152             217               1
             486             219             152               1
             487             219             153               1
             488             220             153               1
             489             220             221               1
             490             221             222               1
             491             222             223               1
             492             224             223               1
             493             224             225               1
             494             225             226               1
             495             226             227               1
             496             228             227               1
             497             229             228               1
             498             229             230               1
             499             230             227               1
             500             231             227               1
             501             231             232               1
             502             233             232               1
             503             234             233               1
             504             235             234               1
             505             235             236               1
             506             237             236               1
             507             238             237               1
             508             239             238               1
             509             239             221               1
             510             221             155               1
             511             155             240               1
             512             157             240               1
             513             163             157               1
             514             220             154               1
             515             155             222               1
             516             158             156               1
             517             157             222               1
             518             241             158               1
             519             242             241               1
             520             243             242               1
             521             156             243               1
             522             160             182               1
             523             162             160               1
             524             218             161               1
             525             240             218               1
             526             159             239               1
             527             159             241               1
             528             241             244               1
             529             244             237               1
             530             245             237               1
             531             232             245               1
             532             232             229               1
             533             226             229               1
             534             246             226               1
             535             236             246               1
             536             247             236               1
             537             233             247               1
             538             223             233               1
             539             163             240               1
             540             166             173               1
             541             217             167               1
             542             217             248               1
             543             248             173               1
             544             171             249               1
             545             250             171               1
             546             250             175               1
             547             175             177               1
             548             177             118               1
             549             180             118               1
             550             180             174               1
             551             175             172               1
             552             178             169               1
             553             248             178               1
             554             218             248               1
             555             172             118               1
             556             169             172               1
             557             164             173               1
             558             175             250               1
             559             250             176               1
             560             250             249               1
             561             176             249               1
             562             178             118               1
             563             178             179               1
             564             174             181               1
             565             181             180               1
             566             218             166               1
             567             251             185               1
             568             252             251               1
             569             253             252               1
             570             254             253               1
             571             255             254               1
             572             256             255               1
             573             256             257               1
             574             257             258               1
             575             258             259               1
             576             260             259               1
             577             261             260               1
             578             262             261               1
             579             262             211               1
             580             211             260               1
             581             260             262               1
             582             141             186               1
             583             131             134               1
             584             188             190               1
             585             194             193               1
             586             263             194               1
             587             195             263               1
             588             189             195               1
             589             133             134               1
             590             195             196               1
             591             264             196               1
             592             263             264               1
             593             196             263               1
             594             265             196               1
             595             197             265               1
             596             197             266               1
             597             237             266               1
             598             265             193               1
             599             264             265               1
             600             264             236               1
             601             266             236               1
             602             265             266               1
             603             267             265               1
             604             266             267               1
             605             266             231               1
             606             267             231               1
             607             268             267               1
             608             229             268               1
             609             269             229               1
             610             268             269               1
             611             270             268               1
             612             270             264               1
             613             267             264               1
             614             197             263               1
             615             236             197               1
             616             271             199               1
             617             272             271               1
             618             273             272               1
             619             273             271               1
             620             271             200               1
             621             200             272               1
             622             200             274               1
             623             272             201               1
             624             274             202               1
             625             274             203               1
             626             205             216               1
             627             275             206               1
             628             275             276               1
             629             276             106               1
             630             207             277               1
             631             207             209               1
             632             209             278               1
             633             278             279               1
             634             280             279               1
             635             209             280               1
             636             209             277               1
             637             209             279               1
             638             278             210               1
             639             281             278               1
             640             279             281               1
             641             139             199               1
             642             214             212               1
             643             215             251               1
             644             215             185               1
             645             147             256               1
             646             257             147               1
             647             259             257               1
             648             282             259               1
             649             255             282               1
             650             216             204               1
             651             276             205               1
             652             168             219               1
             653             154             168               1
             654             220             239               1
             655             156             223               1
             656             156             242               1
             657             242             244               1
             658             244             235               1
             659             237             224               1
             660             223             225               1
             661             223             283               1
             662             283             238               1
             663             227             229               1
             664             227             284               1
             665             285             284               1
             666             286             285               1
             667             232             286               1
             668             266             232               1
             669             245             266               1
             670             228             287               1
             671             288             228               1
             672             288             289               1
             673             287             289               1
             674             287             288               1
             675             290             288               1
             676             228             290               1
             677             284             228               1
             678             287             284               1
             679             246             229               1
             680             270             246               1
             681             236             270               1
             682             230             269               1
             683             291             230               1
             684             269             291               1
             685             232             227               1
             686             243             233               1
             687             243             225               1
             688             244             234               1
             689             239             244               1
             690             283             239               1
             691             222             283               1
             692             247             235               1
             693             226             247               1
             694             226             290               1
             695             290             229               1
             696             238             224               1
             697             222             243               1
             698             240             161               1
             699             225             245               1
             700             225             232               1
             701             236             226               1
             702             263             236               1
             703             233             226               1
             704             240             167               1
             705             167             248               1
             706             167             219               1
             707             250             249               1
             708             172             250               1
             709             250             250               1
             710             248             179               1
             711             292             251               1
             712             293             292               1
             713             273             293               1
             714             273             292               1
             715             292             252               1
             716             252             293               1
             717             252             294               1
             718             293             253               1
             719             294             254               1
             720             294             255               1
             721             257             282               1
             722             275             258               1
             723             275             295               1
             724             295             147               1
             725             259             296               1
             726             259             261               1
             727             261             297               1
             728             297             298               1
             729             299             298               1
             730             261             299               1
             731             261             296               1
             732             261             298               1
             733             297             262               1
             734             300             297               1
             735             298             300               1
             736             186             251               1
             737             267             270               1
             738             267             301               1
             739             301             268               1
             740             227             267               1
             741             227             301               1
             742             301             302               1
             743             303             302               1
             744             304             303               1
             745             304             301               1
             746             268             304               1
             747             269             304               1
             748             303             269               1
             749             291             303               1
             750             302             291               1
             751             302             304               1
             752             199             274               1
             753             202             200               1
             754             305             201               1
             755             305             306               1
             756             306             307               1
             757             308             307               1
             758             308             309               1
             759             310             309               1
             760             310             308               1
             761             311             308               1
             762             311             310               1
             763             277             310               1
             764             277             311               1
             765             206             276               1
             766             209             311               1
             767             281             280               1
             768             210             262               1
             769             282             256               1
             770             295             257               1
             771             286             227               1
             772             284             312               1
             773             312             285               1
             774             312             313               1
             775             285             313               1
             776             284             286               1
             777             312             287               1
             778             229             270               1
             779             301             230               1
             780             234             243               1
             781             251             294               1
             782             254             252               1
             783             314             253               1
             784             314             315               1
             785             315             316               1
             786             317             316               1
             787             317             318               1
             788             319             318               1
             789             319             317               1
             790             320             317               1
             791             320             319               1
             792             296             319               1
             793             296             320               1
             794             258             295               1
             795             261             320               1
             796             300             299               1
             797             230             302               1
             798             201             307               1
             799             309             201               1
             800             309             307               1
             801             321             305               1
             802             315             321               1
             803             322             315               1
             804             323             322               1
             805             324             323               1
             806             316             324               1
             807             318             316               1
             808             306             321               1
             809             325             306               1
             810             326             325               1
             811             327             326               1
             812             307             327               1
             813             308             328               1
             814             280             311               1
             815             253             316               1
             816             318             253               1
             817             321             314               1
             818             317             329               1
             819             299             320               1
             820             307             305               1
             821             307             325               1
             822             306             315               1
             823             322             324               1
             824             316             322               1
             825             316             329               1
             826             329             323               1
             827             325             327               1
             828             328             326               1
             829             328             327               1
             830             307             328               1
             831             316             314               1
             832             329             324               1
