      1,   15.3744659,  -2.97261286,   1.37682199
      2,   17.6244659,  -2.97267008,   1.37725854
      3,   17.7494144,  -3.96412325,   1.50777042
      4,   17.1243954,  -4.36066008,   1.56005263
      5,    17.124445,  -3.36921501,   1.42952633
      6,   15.2494144,  -3.96405959,   1.50728536
      7,   15.8743944,  -4.36062813,   1.55981004
      8,    15.874445,  -3.36918306,   1.42928386
      9,   16.9994946,  -2.41741967,   1.30423558
     10,   16.4995155,  -1.98115087,   1.24686134
     11,   16.4997692,  -1.98092997, -0.0557276532
     12,         16.5,  -1.98072791,  -1.24759424
     13,   17.4997654,  -1.09970486, 0.0768209919
     14,   17.4995613,  -1.09993279,   1.13072336
     15,   18.4996052,  -0.21871458,   1.01458538
     16,    19.499651,    0.6625036,  0.898447454
     17,   19.9379883,     0.661394,  0.898539484
     18,   18.4997826, -0.218465984,  0.105836205
     19,         18.5, -0.218159243,  -1.01554763
     20,   19.9383373,  0.662044525, -0.899666607
     21,         20.5,   1.54440939, -0.783501089
     22,         19.5,  0.663125098, -0.899524391
     23,   19.2030869, -0.493022472,  -1.05173409
     24,   19.9381599,  0.661716342, 0.00758044096
     25,   19.2026787,  -0.49362433,   1.05069125
     26,         17.5,  -1.09944355,  -1.13157094
     27,   17.8097782,  -4.44163895,  0.706175864
     28,   17.6853676,  -3.45456576,  0.644000649
     29,   16.4994202,  -3.86489606,   1.49486113
     30,   15.9994936,  -2.41739416,    1.3040415
     31,   15.4997654,  -1.09965384, 0.0764329284
     32,          17.,  -2.41696358,   -1.3050257
     33,   15.4995613,  -1.09988165,   1.13033533
     34,   14.5856571,  -1.73331857,   1.21326768
     35,     13.79673,  -0.49315533, -0.106803365
     36,   14.5861282,  -1.73276901,  -1.21570539
     37,         15.5,  -1.09939253,  -1.13195896
     38,   13.7969141, -0.492884517,  -1.05278301
     39,       15.375,  -2.97211528,  -1.37855697
     40,        15.25,  -3.96355391,  -1.50913167
     41,       15.125,  -4.95499229,  -1.63970637
     42,   15.1880836,  -4.45369816, -0.876901746
     43,   15.3207808,  -3.40136194,  -0.84925431
     44,   15.2486238,  -3.97261214, -0.144847348
     45,   15.1893368,  -4.44157171,  0.705667436
     46,   15.1243639,  -4.95550632,   1.63774884
     47,   15.3138237,  -3.45450521,  0.643540502
     48,   18.4134007,  -1.73341632,   1.21401036
     49,   18.4136467,  -1.73312902, -0.0556994937
     50,       17.625,  -2.97217274,  -1.37812042
     51,          16.,  -2.41693807,  -1.30521977
     52,   19.2029037, -0.493293285,  -0.10575439
     53,   20.4998455,    1.5440582, 0.0162348356
     54,   20.4996967,    1.5437218,  0.782309532
     55,   19.4998207,  0.662804246, 0.0285978075
     56,         20.5,   2.29487801, -0.684700012
     57,   20.8022175,   2.29487801, -0.684700012
     58,   20.8019524,   2.29417038,  0.683473825
     59,    20.499773,   3.03777409,  0.585613787
     60,         20.5,   3.03846169, -0.586805344
     61,   21.1003399,   3.03517699, -0.587237835
     62,   21.1001129,   3.03444958,  0.585977435
     63,   20.4998093,   3.78135777,  0.487719089
     64,   20.4997349,   2.29419041,  0.683508456
     65,   17.7508469,   -3.9726758, -0.144361839
     66,   17.8116455,  -4.45376492, -0.876392722
     67,       17.875,  -4.95506239,  -1.63917279
     68,   17.9279518,  -5.37640095, -0.887492418
     69,   17.9939518,  -5.90158033, 0.0494424663
     70,   17.9370689,  -5.45160532,  0.805188119
     71,   18.0510674,  -6.35604954,  0.860228717
     72,   17.9993134,  -5.94702959,    1.7687943
     73,   17.8743649,  -4.95557642,   1.63828242
     74,   17.2492924,  -6.36008215,   1.82326615
     75,   17.2493439,  -5.36863708,   1.69273996
     76,   18.4138718,  -1.73286664,  -1.21496272
     77,   14.5859032,  -1.73303127, -0.0564422011
     78,   13.7965059, -0.493486375,   1.04964232
     79,   13.0614872,  0.661891818, 0.00624614581
     80,   13.0616636,  0.662220001, -0.901000917
     81,         14.5, -0.218057171,   -1.0163238
     82,   13.4998198,   0.66295737, 0.0274336152
     83,         13.5,  0.663278162, -0.900688589
     84,   14.4997826, -0.218363911,  0.105060078
     85,       17.125,  -3.36875057,  -1.43033087
     86,         16.5,   -3.8644731,  -1.49559402
     87,       17.125,  -4.36019564,  -1.56085706
     88,        17.75,  -3.96361756,  -1.50864661
     89,       15.875,  -3.36871886,  -1.43057346
     90,   15.3747511,   -2.9723475, -0.0928358138
     91,   15.0717363,  -5.37632847, -0.888046622
     92,          15.,  -5.94643068,  -1.77028108
     93,       14.875,  -6.93786907,  -1.90085578
     94,        15.75,  -6.35957098,  -1.82437599
     95,        15.75,  -5.36812639,   -1.6938498
     96,       15.875,  -4.36016369,  -1.56109965
     97,   15.7493429,  -5.36859894,   1.69244885
     98,   16.4993172,  -5.86430979,   1.75808907
     99,   15.7492924,  -6.36004353,   1.82297516
    100,   14.9993134,  -5.94695282,    1.7682122
    101,   14.8742628,  -6.93839979,   1.89867556
    102,   14.7497768,  -7.92537498,   2.02855062
    103,   15.6241903,  -8.35473824,    2.0855186
    104,   16.4992161,  -7.85900259,   2.02069545
    105,   15.6242409,  -7.36329317,   1.95499241
    106,   14.6241617,  -8.92129326,    2.1596024
    107,   17.6247501,  -2.97240496, -0.0923992395
    108,         20.5,   3.78204536, -0.488910735
    109,   21.4011097,   3.78204536, -0.488910735
    110,    21.400919,   3.78129816,  0.487615794
    111,   20.4998474,   4.52494144,   0.38982442
    112,   19.4973736,   4.52500772,  0.389939338
    113,         20.5,   4.52562904, -0.391016066
    114,   21.6994419,   4.52286482, -0.391380012
    115,   21.6992893,   4.52209759,  0.390050858
    116,   22.4968719,   4.52204514,  0.389959455
    117,   22.4970226,   4.52286482, -0.391380012
    118,   21.9998856,   5.26842594,  0.291757822
    119,   23.2498474,   4.52199507,  0.389873147
    120,          24.,   4.52286482, -0.391380012
    121,        23.25,   4.52286482, -0.391380012
    122,   21.1649857,   4.85461235,  0.346340358
    123,   17.6789913,  -3.40142202, -0.848796785
    124,          18.,  -5.94650745,  -1.76969898
    125,       18.125,  -6.93795204,  -1.90022516
    126,        17.25,  -6.35960913,  -1.82408488
    127,        17.25,  -5.36816454,  -1.69355869
    128,   18.0635815,  -6.45222855, -0.986461163
    129,   18.1242638,  -6.93848276,   1.89930618
    130,   14.4996061, -0.218612507,   1.01380932
    131,   13.0613146,  0.661569476,  0.897205174
    132,         12.5,    1.5446136, -0.785053372
    133,   12.4998455,   1.54426229, 0.0146825789
    134,    13.499651,  0.662656724,  0.897283316
    135,   15.0053444,  -5.90150404, 0.0488625802
    136,   14.9360895,  -6.45214891, -0.987067997
    137,     14.81215,  -7.43525743,   -1.1735574
    138,   14.7505646,  -7.92483616,  -2.03084159
    139,       15.625,  -8.35425758,  -2.08703065
    140,         16.5,  -7.85857964,  -2.02142811
    141,       17.375,  -7.36285734,  -1.95616496
    142,         16.5,  -5.86388683,  -1.75882185
    143,   14.7996721,  -7.53160763,  0.683535993
    144,   17.3741913,  -8.35478306,   2.08585811
    145,   17.3742409,  -7.36333799,   1.95533192
    146,   18.2486496,  -7.92546415,    2.0292294
    147,   18.3741608,  -8.92138863,   2.16033006
    148,   14.6745119,  -8.52357101,   1.06579185
    149,    14.738203,  -8.02046394, -0.317848295
    150,   14.6819792,  -8.46760082,  -1.23377252
    151,   15.0619574,  -5.45153189,   0.80463028
    152,   18.4998474,   4.52507353,  0.390053689
    153,   17.4998474,   4.52513981,  0.390168309
    154,   16.9998665,   4.89696455,  0.341278285
    155,   16.4998856,   5.26878977,   0.29238826
    156,         15.5,   5.26926374, -0.293509483
    157,         16.5,   5.26921272, -0.293121427
    158,          16.,   4.89744616, -0.342262775
    159,         16.5,   4.52562904, -0.391016066
    160,         18.5,   4.52562904, -0.391016066
    161,          18.,   4.89742088, -0.342068762
    162,         17.5,   4.52562904, -0.391016066
    163,          17.,   4.89742088, -0.342068762
    164,   21.1651211,   4.85534382, -0.347608268
    165,    19.999382,   4.89788055, -0.342008263
    166,         19.5,   5.26921272, -0.293121427
    167,   18.4998856,   5.26865721,  0.292159021
    168,   17.4998856,   5.26872349,  0.292273641
    169,          22.,   5.26921272, -0.293121427
    170,   21.3004055,    6.0127964, -0.195226789
    171,   22.0981426,   6.75390196, -0.0976583809
    172,   22.3032112,   6.02214622, -0.193995878
    173,         20.5,   5.26921272, -0.293121427
    174,          23.,   4.89742088, -0.342068762
    175,   22.3031349,   6.02133894,  0.192597479
    176,   22.0981045,    6.7531085, 0.0962834582
    177,   21.3003292,   6.01205587,  0.193943337
    178,   20.4998856,   5.26852512,  0.291929752
    179,   19.9992485,   4.89722586,  0.340873986
    180,   22.9998665,   4.89656782,  0.340590537
    181,   23.9998474,   4.52194548,  0.389787167
    182,   19.4975262,   4.52562904, -0.391016066
    183,   18.9993801,   4.89696026, -0.342129409
    184,    18.187542,  -7.43534374,  -1.17290246
    185,   18.2494354,  -7.92492533,  -2.03016257
    186,       17.375,  -8.35430241,  -2.08669114
    187,       15.625,  -7.36281252,  -1.95650458
    188,   12.4996967,   1.54392588,  0.780757308
    189,         12.5,   2.29508233, -0.686252296
    190,   12.4997349,   2.29439449,  0.681956172
    191,   12.1975164,   2.29438996,   0.68180424
    192,   12.1977816,   2.29509759, -0.686369538
    193,   11.8994322,   3.03468418,  0.584192157
    194,    12.499773,   3.03797817,  0.584061503
    195,         12.5,   3.03866577, -0.588357627
    196,   11.8996592,    3.0354116, -0.589023054
    197,   12.4998112,   3.78156185,  0.486166835
    198,   14.9478922,  -6.35597038,  0.859626651
    199,    14.625001,  -8.92074585,  -2.16200519
    200,    14.500001,  -9.91218472,  -2.29257989
    201,    14.375001,  -10.9036236,  -2.42315459
    202,   14.4433022,  -10.3602047,  -1.17011058
    203,   14.5068474,  -9.85463715, -0.00434662541
    204,   14.5608931,  -9.42465305,  0.992568433
    205,   14.4991112,  -9.91273975,   2.29006577
    206,   15.5021448,  -10.3449669,   2.34747577
    207,   14.3740606,  -10.9041862,   2.42052913
    208,   15.3740606,  -10.9041719,   2.42103171
    209,   14.2490101,  -11.8935795,   2.55072212
    210,   15.7490101,  -11.8935575,   2.55147624
    211,   16.4990597,  -10.9041548,   2.42159724
    212,   18.3242569,  -8.52366447,   1.06649995
    213,    18.199295,  -7.53169441,  0.684195638
    214,   18.2611275,  -8.02055454, -0.317164719
    215,   18.3176842,  -8.46769333,  -1.23306715
    216,   14.4449644,  -10.3437586,   1.12571824
    217,   18.9992485,   4.89637184,  0.341109753
    218,         18.5,   5.26921272, -0.293121427
    219,   17.9998665,   4.89689875,  0.341163665
    220,   16.4998474,   4.52520609,  0.390282929
    221,   15.9998674,    4.8969903,  0.341084242
    222,   15.4998865,   5.26877451,  0.291885555
    223,   14.4998865,   5.26875925,  0.291382879
    224,   14.0004873,   4.89649916,  0.340139836
    225,   13.4998865,   5.26874447,  0.290880203
    226,         12.5,   5.26941681, -0.294673681
    227,   10.9998865,   5.26870632,  0.289623469
    228,   10.6967897,   6.02244234, -0.196247891
    229,          11.,   5.26949358,  -0.29525578
    230,   9.99986839,    4.8968997,  0.338068098
    231,   11.8347454,   4.85485029,  0.344530016
    232,   12.4998865,   5.26872921,  0.290377498
    233,         13.5,   5.26936579, -0.294285625
    234,   14.0006189,   4.89708757, -0.343099326
    235,   13.5024748,   4.52578211,  -0.39217931
    236,         12.5,   4.52583313,  -0.39256832
    237,   13.5023232,   4.52516079,  0.388776094
    238,   14.4998484,   4.52517557,  0.389277548
    239,   15.4998484,   4.52519083,  0.389780253
    240,         17.5,   5.26921272, -0.293121427
    241,         15.5,   4.52568007, -0.391404152
    242,          15.,   4.89749718, -0.342650861
    243,         14.5,   5.26931477, -0.293897569
    244,         14.5,   4.52573109, -0.391792208
    245,   13.0004854,   4.89740419,  0.339515984
    246,   11.8348799,   4.85558224,  -0.34941864
    247,    13.000618,   4.89805889, -0.343366235
    248,   19.4998856,   5.26859093,  0.292044371
    249,    22.896616,   7.49569082,  -7.34855776e-09
    250,   22.6001205,   6.75943375, -0.0969301164
    253,       18.375,  -8.92084217,  -2.16127753
    254,         18.5,  -9.91228676,  -2.29180384
    255,       18.625,  -10.9037313,   -2.4223299
    256,   18.5562401,  -10.3603096,   -1.1693126
    257,   18.4922676,  -9.85473919, -0.0035733257
    258,   18.4378567,  -9.42475128,  0.993320704
    259,   18.4991112,   -9.9128418,   2.29084182
    260,   17.4960327,  -10.3450184,   2.34786272
    261,   18.6240597,   -10.904295,   2.42135382
    262,   17.6240597,  -10.9042292,    2.4214685
    263,   18.7490101,  -11.8936949,   2.55159521
    264,   17.2490101,  -11.8935957,   2.55176735
    265,         12.5,   3.78224945, -0.490462989
    266,   11.5988913,   3.78229547, -0.490812659
    267,   11.5987015,   3.78154826,  0.485713869
    268,   12.4998484,   4.52514553,  0.388272166
    269,   11.3004074,   4.52236319,  0.388033152
    270,   10.5029774,   4.52317095, -0.393707246
    271,          10.,   4.89775276, -0.344591171
    272,    11.300559,   4.52312994, -0.393397719
    273,   15.4960194,  -9.35257435,  -2.21851254
    274,   15.5030565,  -10.3444777,   -2.3490963
    275,         16.5,  -9.85032177,  -2.28364587
    276,   14.5676718,  -9.37387466,  -1.11509919
    277,    16.499115,  -9.85074425,   2.28291321
    278,   15.4951582,  -9.35306358,   2.21688557
    279,   14.3743153,  -10.9040346,   1.10916293
    280,   14.8739595,  -12.8870687,   2.68183303
    281,   14.1239595,  -12.8870802,   2.68145585
    282,   14.1355038,  -12.7966862,    1.7438004
    283,   13.9994984,  -13.8758984,   2.81157351
    284,    18.553688,  -10.3438635,   1.12651539
    285,   14.9998674,   4.89697504,  0.340581566
    286,   10.6967144,   6.02163506,  0.190345466
    287,   10.9018202,   6.75339413, 0.0941110253
    288,   11.6995201,   6.01230049,  0.192080468
    289,   10.3998795,   6.75974512, -0.0992973521
    290,   10.9018574,   6.75418758, -0.0998308212
    291,    10.103384,   7.49601746, -0.00248230482
    292,   11.6995945,    6.0130415, -0.197089657
    293,   8.99984932,   4.52232838,  0.386876673
    294,   17.5039825,  -9.35262489,  -2.21812296
    295,   17.4969444,  -10.3445292,  -2.34870958
    296,      18.4319,  -9.37397289,  -1.11434937
    297,   17.5031204,  -9.35311508,   2.21727514
    298,   18.6243153,  -10.9041424,    1.1099875
    299,   18.1239586,  -12.8871517,   2.68246365
    300,   18.8739586,  -12.8872013,   2.68237758
    301,   18.8627834,  -12.7968063,   1.74471772
    302,   18.9983196,  -13.8760262,   2.81254339
    303,   10.5028257,   4.52235079,  0.387632221
    304,   9.74984932,   4.52233982,  0.387253702
    305,           9.,   4.52324724, -0.394290477
    306,         9.75,    4.5232091, -0.393999428
    307,    15.375001,  -10.9036741,  -2.42276645
    308,    15.750001,  -11.8930845,  -2.55287671
    309,    14.250001,  -11.8930082,  -2.55345893
    310,   14.2497339,  -11.8931618,  -1.17725539
    311,   14.3747854,  -10.9037523,  -1.31379473
    312,   14.3745565,  -10.9038897, -0.136027917
    313,   14.2493401,  -11.8933897,  0.850078285
    314,   10.3998423,   6.75891829, 0.0931304172
    315,    10.103385,   7.49517107, -0.00394876301
    316,       17.625,  -10.9037313,   -2.4223299
    317,        17.25,  -11.8931227,  -2.55258584
    318,        18.75,  -11.8931227,  -2.55258584
    319,    18.749733,  -11.8932772,  -1.17638218
    320,   18.6247845,   -10.903861,  -1.31297016
    321,   18.6245556,  -10.9039974, -0.135203272
    322,   18.7493401,  -11.8935041,  0.850951433
    323,         16.5,  -10.9037313,   -2.4223299
    324,       18.125,  -12.8866215,  -2.68338227
    325,   18.9994106,  -13.8754377,  -2.81356239
    326,       18.875,  -12.8866215,  -2.68338227
    327,    14.875001,  -12.8865385,  -2.68401289
    328,   14.0005903,  -13.8753099,  -2.81453252
    329,    14.125001,  -12.8865004,    -2.684304
    330,   14.1372128,  -12.7883568,  -1.91669643
    331,   18.8624954,  -12.7884779,  -1.91577959