BEAM
    169    1    1    1
    1    0    0    0    0    0    0       30.,         -10.,   14.1421356
    2,     0    0    0    0    0    0     20.,         -20.,           0.
      3,     0    0    0    0    0    0     10.,         -30.,   14.1421356
      4,     0    0    0    0    0    0     20.,         -40.,           0.
      5,     0    0    0    0    0    0      0.,         -40.,           0.
      6,      0    0    0    0    0    0   -20.,         -40.,           0.
      7,     0    0    0    0    0    0    -20.,         -20.,           0.
      8,     0    0    0    0    0    0    -10.,         -10.,   14.1421356
      9,     0    0    0    0    0    0      0.,           0.,           0.
     10,    0    0    0    0    0    0     -10.,          10.,   14.1421356
     11,     0    0    0    0    0    0      0.,          20.,           0.
     12,     0    0    0    0    0    0     10.,          10.,   14.1421356
     13,     0    0    0    0    0    0     10.,          30.,   14.1421356
     14,    0    0    0    0    0    0      20.,          40.,           0.
     15,     0    0    0    0    0    0     40.,          40.,           0.
     16,    1    1    1    1    1    1      30.,          30.,   14.1421356
     17,    0    0    0    0    0    0      40.,          20.,           0.
     18,    0    0    0    0    0    0      20.,          20.,           0.
     19,      0    0    0    0    0    0    20.,           0.,           0.
     20,    0    0    0    0    0    0      40.,         -20.,           0.
     21,    0    0    0    0    0    0      40.,           0.,           0.
     22,     0    0    0    0    0    0     30.,          10.,   14.1421356
     23,     0    0    0    0    0    0      0.,         -20.,           0.
     24,     0    0    0    0    0    0    -10.,         -30.,   14.1421356
     25,    0    0    0    0    0    0      40.,         -40.,           0.
     26,     1    1    1    1    1    1     30.,         -30.,   14.1421356
     27,     0    0    0    0    0    0     10.,         -10.,   14.1421356
     28,     1    1    1    1    1    1    -30.,         -30.,   14.1421356
     29,    0    0    0    0    0    0     -40.,         -20.,           0.
     30,    0    0    0    0    0    0     -30.,         -10.,   14.1421356
     31,    0    0    0    0    0    0     -40.,           0.,           0.
     32,    0    0    0    0    0    0     -30.,          10.,   14.1421356
     33,     0    0    0    0    0    0    -40.,          20.,           0.
     34,     1    1    1    1    1    1    -30.,          30.,   14.1421356
     35,    0    0    0    0    0    0     -20.,          40.,           0.
     36,    0    0    0    0    0    0       0.,          40.,           0.
     37,     0    0    0    0    0    0    -20.,           0.,           0.
     38,     0    0    0    0    0    0    -20.,          20.,           0.
     39,     0    0    0    0    0    0    -10.,          30.,   14.1421356
     40,    0    0    0    0    0    0     -40.,         -40.,           0.
     41,     0    0    0    0    0    0    -40.,          40.,           0.
     42,     0    0    0    0    0    0     25.,         -15.,   7.07106781
     43,    0    0    0    0    0    0      15.,         -25.,   7.07106781
     44,     0    0    0    0    0    0     15.,         -35.,   7.07106781
     45,     0    0    0    0    0    0     10.,         -40.,           0.
     46,     0    0    0    0    0    0    -10.,         -40.,           0.
     47,    0    0    0    0    0    0     -20.,         -30.,           0.
     48,     0    0    0    0    0    0    -15.,         -15.,   7.07106781
     49,     0    0    0    0    0    0     -5.,          -5.,   7.07106781
     50,     0    0    0    0    0    0     -5.,           5.,   7.07106781
     51,     0    0    0    0    0    0     -5.,          15.,   7.07106781
     52,     0    0    0    0    0    0      5.,          15.,   7.07106781
     53,    0    0    0    0    0    0      10.,          20.,   14.1421356
     54,    0    0    0    0    0    0      15.,          35.,   7.07106781
     55,     0    0    0    0    0    0     30.,          40.,           0.
     56,    0    0    0    0    0    0      35.,          35.,   7.07106781
     57,     0    0    0    0    0    0     35.,          25.,   7.07106781
     58,     0    0    0    0    0    0     30.,          20.,           0.
     59,     0    0    0    0    0    0     20.,          10.,           0.
     60,     0    0    0    0    0    0     20.,         -10.,           0.
     61,    0    0    0    0    0    0      30.,         -20.,           0.
     62,    0    0    0    0    0    0      40.,         -10.,           0.
     63,    0    0    0    0    0    0      40.,          10.,           0.
     64,    0    0    0    0    0    0      35.,          15.,   7.07106781
     65,     0    0    0    0    0    0     25.,          15.,   7.07106781
     66,    0    0    0    0    0    0      25.,          25.,   7.07106781
     67,    0    0    0    0    0    0      25.,          35.,   7.07106781
     68,    0    0    0    0    0    0      35.,         -15.,   7.07106781
     69,      0    0    0    0    0    0    35.,          -5.,   7.07106781
     70,    0    0    0    0    0    0      10.,         -20.,           0.
     71,     0    0    0    0    0    0      0.,         -30.,           0.
     72,      0    0    0    0    0    0     5.,         -35.,   7.07106781
     73,   0    0    0    0    0    0        5.,         -25.,   7.07106781
     74,     0    0    0    0    0    0     -5.,         -25.,   7.07106781
     75,    0    0    0    0    0    0      -5.,         -35.,   7.07106781
     76,    0    0    0    0    0    0      30.,         -40.,           0.
     77,    0    0    0    0    0    0      20.,         -30.,           0.
     78,    0    0    0    0    0    0      25.,         -25.,   7.07106781
     79,     0    0    0    0    0    0     30.,         -20.,   14.1421356
     80,     0    0    0    0    0    0     20.,         -10.,   14.1421356
     81,     0    0    0    0    0    0     10.,           0.,   14.1421356
     82,     0    0    0    0    0    0     15.,           5.,   7.07106781
     83,      0    0    0    0    0    0    25.,           5.,   7.07106781
     84,     0    0    0    0    0    0     35.,           5.,   7.07106781
     85,      0    0    0    0    0    0   -15.,         -35.,   7.07106781
     86,     0    0    0    0    0    0   -15.,         -25.,   7.07106781
     87,    0    0    0    0    0    0     -25.,         -25.,   7.07106781
     88,     0    0    0    0    0    0    -35.,         -25.,   7.07106781
     89,     0    0    0    0    0    0    -35.,         -15.,   7.07106781
     90,    0    0    0    0    0    0     -35.,          -5.,   7.07106781
     91,    0    0    0    0    0    0     -35.,           5.,   7.07106781
     92,    0    0    0    0    0    0     -35.,          15.,   7.07106781
     93,    0    0    0    0    0    0     -35.,          25.,   7.07106781
     94,    0    0    0    0    0    0     -25.,          35.,   7.07106781
     95,    0    0    0    0    0    0     -10.,          40.,           0.
     96,    0    0    0    0    0    0      10.,          40.,           0.
     97,    0    0    0    0    0    0      20.,          30.,           0.
     98,     0    0    0    0    0    0     -5.,         -15.,   7.07106781
     99,    0    0    0    0    0    0     -15.,          -5.,   7.07106781
    100,    0    0    0    0    0    0     -15.,           5.,   7.07106781
    101,    0    0    0    0    0    0       5.,           5.,   7.07106781
    102,     0    0    0    0    0    0     15.,          15.,   7.07106781
    103,    0    0    0    0    0    0     -15.,          15.,   7.07106781
    104,    0    0    0    0    0    0     -10.,          20.,   14.1421356
    105,     0    0    0    0    0    0     -5.,          35.,   7.07106781
    106,     0    0    0    0    0    0      5.,          25.,   7.07106781
    107,     0    0    0    0    0    0      5.,          35.,   7.07106781
    108,    0    0    0    0    0    0       0.,          10.,   14.1421356
    109,    0    0    0    0    0    0     -10.,           0.,   14.1421356
    110,    0    0    0    0    0    0     -20.,         -10.,   14.1421356
    111,    0    0    0    0    0    0     -30.,         -20.,   14.1421356
    112,    0    0    0    0    0    0     -20.,         -30.,   14.1421356
    113,    0    0    0    0    0    0     -10.,         -20.,   14.1421356
    114,    0    0    0    0    0    0      15.,          25.,   7.07106781
    115,     0    0    0    0    0    0     40.,          30.,           0.
    116,     0    0    0    0    0    0     15.,          -5.,   7.07106781
    117,    0    0    0    0    0    0       5.,         -15.,   7.07106781
    118,    0    0    0    0    0    0      40.,         -30.,           0.
    119,     0    0    0    0    0    0     30.,           0.,           0.
    120,    0    0    0    0    0    0      10.,           0.,           0.
    121,     0    0    0    0    0    0      0.,         -10.,           0.
    122,     0    0    0    0    0    0     20.,          10.,   14.1421356
    123,    0    0    0    0    0    0      30.,           0.,   14.1421356
    124,    0    0    0    0    0    0      20.,          30.,   14.1421356
    125,     0    0    0    0    0    0     35.,         -25.,   7.07106781
    126,    0    0    0    0    0    0      25.,          -5.,   7.07106781
    127,     0    0    0    0    0    0      0.,         -30.,   14.1421356
    128,    0    0    0    0    0    0     -10.,         -20.,           0.
    129,    0    0    0    0    0    0      35.,         -35.,   7.07106781
    130,    0    0    0    0    0    0      25.,         -35.,   7.07106781
    131,     0    0    0    0    0    0     15.,         -15.,   7.07106781
    132,    0    0    0    0    0    0      20.,         -30.,   14.1421356
    133,     0    0    0    0    0    0     10.,         -20.,   14.1421356
    134,     0    0    0    0    0    0      0.,         -10.,   14.1421356
    135,     0    0    0    0    0    0    -25.,         -35.,   7.07106781
    136,    0    0    0    0    0    0     -35.,         -35.,   7.07106781
    137,     0    0    0    0    0    0    -30.,         -40.,           0.
    138,    0    0    0    0    0    0     -25.,         -15.,   7.07106781
    139,    0    0    0    0    0    0     -25.,          -5.,   7.07106781
    140,    0    0    0    0    0    0     -25.,           5.,   7.07106781
    141,    0    0    0    0    0    0     -25.,          15.,   7.07106781
    142,   0    0    0    0    0    0      -15.,          25.,   7.07106781
    143,    0    0    0    0    0    0     -15.,          35.,   7.07106781
    144,      0    0    0    0    0    0   -40.,         -10.,           0.
    145,     0    0    0    0    0    0    -40.,         -30.,           0.
    146,     0    0    0    0    0    0    -30.,           0.,   14.1421356
    147,    0    0    0    0    0    0     -30.,          20.,   14.1421356
    148,     0    0    0    0    0    0    -25.,          25.,   7.07106781
    149,    0    0    0    0    0    0     -30.,          20.,           0.
    150,    0    0    0    0    0    0     -40.,          10.,           0.
    151,     0    0    0    0    0    0    -35.,          35.,   7.07106781
    152,     0    0    0    0    0    0    -30.,          40.,           0.
    153,     0    0    0    0    0    0    -20.,          30.,           0.
    154,    0    0    0    0    0    0     -10.,          20.,           0.
    155,    0    0    0    0    0    0       0.,          30.,           0.
    156,    0    0    0    0    0    0     -10.,           0.,           0.
    157,    0    0    0    0    0    0     -20.,          10.,           0.
    158,     0    0    0    0    0    0    -20.,          10.,   14.1421356
    159,    0    0    0    0    0    0      -5.,          25.,   7.07106781
    160,    0    0    0    0    0    0       0.,          30.,   14.1421356
    161,     0    0    0    0    0    0     10.,          20.,           0.
    162,    0    0    0    0    0    0       5.,          -5.,   7.07106781
    163,    0    0    0    0    0    0      30.,          20.,   14.1421356
    164,    0    0    0    0    0    0     -20.,         -10.,           0.
    165,     0    0    0    0    0    0    -30.,           0.,           0.
    166,    0    0    0    0    0    0     -30.,         -20.,           0.
    167,    0    0    0    0    0    0     -40.,          30.,           0.
    168,    0    0    0    0    0    0     -20.,          30.,   14.1421356
    169,     0    0    0    0    0    0      0.,          10.,           0.
    1    25
2 3 500
4 3 500
5 3 500
6 3 500
7 3 500
9 3 500
11 3 500
14 3 500
15 3 500
17 3 500
18 3 500
19 3 500
20 3 500
21 3 500
23 3 500
25 3 500
 29 3 500
31 3 500
33 3 500
35 3 500
36 3 500
37 3 500
38 3 500
40 3 500
41 3 500
3 256 2
1 2E11 5.4978 8.5903 8.5903 17.1806 0.3 1000 0.1
2 1.5E10 3.14159 0.7854 0.7854 1.5708 0.2 1000 0.1
1,  1, 42 2
2, 42,  2 2
3,  3, 43 2
4, 43,  2 2
5,  3, 44 2
6, 44,  4 2
7,  4, 45 1
8, 45,  5 1
 9,  5, 46 1
10, 46,  6 1
11,  7, 47 1
12, 47,  6 1
13,  8, 48 2
14, 48,  7 2
15,  8, 49 2
16, 49,  9 2
17, 10, 50 2
18, 50,  9 2
19, 10, 51 2
20, 51, 11 2
21, 12, 52 2
22, 52, 11 2
23, 13, 53 1
24, 53, 12 1
25, 13, 54 2
26, 54, 14 2
27, 14, 55 1
28, 55, 15 1
29, 16, 56 2
30, 56, 15 2
31, 16, 57 2
32, 57, 17 2
33, 18, 58 1
34, 58, 17 1
35, 18, 59 1
36, 59, 19 1
37, 19, 60 1
38, 60,  2 1
39,  2, 61 1
40, 61, 20 1
41, 21, 62 1
42, 62, 20 1
43, 17, 63 1
44, 63, 21 1
45, 22, 64 2
46, 64, 17 2
47, 22, 65 2
48, 65, 18 2
49, 16, 66 2
50, 66, 18 2
51, 16, 67 2
52, 67, 14 2
53,  1, 68 2
54, 68, 20 2
55,  1, 69 2
56, 69, 21 2
57, 23, 70 1
58, 70,  2 1
59, 23, 71 1
60, 71,  5 1
61,  3, 72 2
62, 72,  5 2
63,  3, 73 2
64, 73, 23 2
65, 24, 74 2
66, 74, 23 2
67, 24, 75 2
68, 75,  5 2
69, 25, 76 1
70, 76,  4 1
71,  2, 77 1
72, 77,  4 1
73, 26, 78 2
74, 78,  2 2
75, 26, 79 1
76, 79,  1 1
77, 27, 80 1
78, 80,  1 1
79, 12, 81 1
80, 81, 27 1
81, 12, 82 2
82, 82, 19 2
83, 22, 83 2
84, 83, 19 2
85, 22, 84 2
86, 84, 21 2
87, 24, 85 2
88, 85,  6 2
89, 24, 86 2
90, 86,  7 2
91, 28, 87 2
92, 87,  7 2
93, 28, 88 2
94, 88, 29 2
95, 30, 89 2
96, 89, 29 2
97, 30, 90 2
98, 90, 31 2
 99, 32, 91 2
100, 91, 31 2
101, 32, 92 2
102, 92, 33 2
103, 34, 93 2
104, 93, 33 2
105, 35, 94 2
106, 94, 34 2
107, 35, 95 1
108, 95, 36 1
109, 36, 96 1
110, 96, 14 1
111, 14, 97 1
112, 97, 18 1
113,  8, 98 2
114, 98, 23 2
115,  8, 99 2
116, 99, 37 2
117,  10, 100 2
118, 100,  37 2
119,  12, 101 2
120, 101,   9 2
121,  12, 102 2
122, 102,  18 2
123,  10, 103 2
124, 103,  38 2
125,  39, 104 1
126, 104,  10 1
127,  39, 105 2
128, 105,  36 2
129,  13, 106 2
130, 106,  11 2
131,  13, 107 2
132, 107,  36 2
133,  10, 108 1
134, 108,  12 1
135,  10, 109 1
136, 109,   8 1
137,  30, 110 1
138, 110,   8 1
139,  30, 111 1
140, 111,  28 1
141,  28, 112 1
142, 112,  24 1
143,   8, 113 1
144, 113,  24 1
145,  13, 114 2
146, 114,  18 2
147,  15, 115 1
148, 115,  17 1
149,  27, 116 2
150, 116,  19 2
151,  27, 117 2
152, 117,  23 2
153,  20, 118 1
154, 118,  25 1
155,  19, 119 1
156, 119,  21 1
157,   9, 120 1
158, 120,  19 1
159,   9, 121 1
160, 121,  23 1
161,  12, 122 1
162, 122,  22 1
163,   1, 123 1
164, 123,  22 1
165,  16, 124 1
166, 124,  13 1
167,  26, 125 2
168, 125,  20 2
169,   1, 126 2
170, 126,  19 2
171,  24, 127 1
172, 127,   3 1
173,   7, 128 1
174, 128,  23 1
175,  26, 129 2
176, 129,  25 2
177,  26, 130 2
178, 130,   4 2
179,   2, 131 2
180, 131,  27 2
181,   3, 132 1
182, 132,  26 1
183,  27, 133 1
184, 133,   3 1
185,   8, 134 1
186, 134,  27 1
187,  28, 135 2
188, 135,   6 2
189,  28, 136 2
190, 136,  40 2
191,   6, 137 1
192, 137,  40 1
193,  30, 138 2
194, 138,   7 2
195,  30, 139 2
196, 139,  37 2
197,  32, 140 2
198, 140,  37 2
199,  32, 141 2
200, 141,  38 2
201,  39, 142 2
202, 142,  38 2
203,  39, 143 2
204, 143,  35 2
205,  31, 144 1
206, 144,  29 1
207,  40, 145 1
208, 145,  29 1
209,  32, 146 1
210, 146,  30 1
211,  34, 147 1
212, 147,  32 1
213,  34, 148 2
214, 148,  38 2
215,  33, 149 1
216, 149,  38 1
217,  33, 150 1
218, 150,  31 1
219,  41, 151 2
220, 151,  34 2
221,  41, 152 1
222, 152,  35 1
223,  35, 153 1
224, 153,  38 1
225,  38, 154 1
226, 154,  11 1
227,  36, 155 1
228, 155,  11 1
229,  37, 156 1
230, 156,   9 1
231,  38, 157 1
232, 157,  37 1
233,  32, 158 1
234, 158,  10 1
235,  39, 159 2
236, 159,  11 2
237,  13, 160 1
238, 160,  39 1
239,  11, 161 1
240, 161,  18 1
241,  27, 162 2
242, 162,   9 2
243,  22, 163 1
244, 163,  16 1
245,  37, 164 1
246, 164,   7 1
247,  31, 165 1
248, 165,  37 1
249,  29, 166 1
250, 166,   7 1
251,  33, 167 1
252, 167,  41 1
253,  39, 168 1
254, 168,  34 1
255,  11, 169 1
256, 169,   9 1
stop