BEAM
    16    1    1    1
    1    0    0    0    0    0    0       0.0       50.0       0.0    0
    2    0    0    0    0    0    0       50.0       50.0       0.0    0
    3    0    0    0    0    0    0       50.0       0.0       0.0    0
    4    0    0    0    0    0    0       0       0.0       0.0    0
    5    0    0    0    0    0    0       0       50.0       50.0    0
    6    0    0    0    0    0    0       50.0       50.0       50.0    0
    7    0    0    0    0    0    0       100       50.0       0.0    0
    8    0    0    0    0    0    0       100       50.0       50.0    0
    9    0    0    0    0    0    0       100       0       50.0    0
    10    1    1    1    1    1    1       100       -50.0       50.0    0
    11    0    0    0    0    0    0       100       0       0    0
    12    0    0    0    0    0    0       50.0       0       50.0    0
    13    0    0    0    0    0    0       0       0       50.0    0
    14    1    1    1    1    1    1       0       -50       0    0
    15    1    1    1    1    1    1       100       -50       0    0
    16    1    1    1    1    1    1       0       -50       50.0    0
    1    1
    2    2     -200
3 24 1
1 2E11 3.14159E-2 0.7854E-4 0.7854E-4 1.5708E-4 0.3 1000 0.1
1  1  2  1
2  3  2  1
3  4  3  1
4  4  1  1
5  1  5  1
6  2  6  1
7  2  7  1
8  7  8  1
 9  9  8  1
10  10   9  1
11   3  11  1
12   3  12  1
13  12   6  1
14  5  6  1
15  13   5  1
16   4  13  1
17  14   4  1
18  6  8  1
19  11   7  1
20  15  11  1
21  11   9  1
22  13  12  1
23  16  13  1
24  12   9  1
stop