BEAM
    13    1    1    1
    1    1    1    1    1    1    1       0.0       0.0       0.0    0
    2    0    0    0    0    0    0       0.5       0.0       0.0    0
    3    0    0    0    0    0    0       1.0       0.0       0.0    0
    4    0    0    0    0    0    0       1.5       0.0       0.0    0
    5    0    0    0    0    0    0       2.0       0.0       0.0    0
    6    0    0    0    0    0    0       2.0       -0.5       0.0    0
    7    0    0    0    0    0    0       2.0       -1.0       0.0    0
    8    0    0    0    0    0    0       2.0       -1.5       0.0    0
    9    0    0    0    0    0    0       2.0       -2.0       0.0    0
    10    0    0    0    0    0    0       2.0       -2.0       0.5    0
    11    0    0    0    0    0    0       2.0       -2.0       1.0    0
    12    0    0    0    0    0    0       2.0       -2.0       1.5    0
    13    0    0    0    0    0    0       2.0       -2.0       2.0    0
    1    4
    5    3     -1E3
    5    1     0.5E2
    9    3     1E3
    13    2     1E3
3 12 2
1 2E11 3.14159E-2 0.7854E-4 0.7854E-4 1.5708E-4 0.4285714286 1000 0.1
2 1E5  1.25664E-1 0.125664E-2 0.125664E-2 0.251334E-2 0.3 1000 0.1
    1    1    2    1    0
    2    2    3    1    0
    3    3    4    1    0
    4    4    5    1    0   
    5    5    6    2    0
    6    6    7    2    0
    7    7    8    2    0
    8    8    9    2    0
    9    9    10    1    0
    10    10    11    1    0
    11    11    12    1    0
    12    12    13    1    0   
stop