BEAM
    8    1    1    1
    1    1    1    1    1    1    1       0.0       0.0       80.0    0
    2    0    0    0    0    0    0       40.0       0.0       0.0    0
    3    1    1    1    1    1    1       40.0       0.0       80.0    0
    4    0    0    0    0    0    0       40       40.0       0.0    0
    5    1    1    1    1    1    1       40       40.0       80.0    0
    6    0    0    0    0    0    0       0.0       40.0       0.0    0
    7    1    1    1    1    1    1       0       40.0       80.0    0
    8    0    0    0    0    0    0       0       0       0    0
    1    3
    6    1     200
6    2     -600
6    3     150
3 12 2
1 2E11 5.4978 8.5903 8.5903 17.1806 0.3 1000 0.1
2 1.5E10 3.14159 0.7854 0.7854 1.5708 0.2 1000 0.1
1  1  2  2
2  2  3  1
3  4  3  2
4  4  5  1
5  6  1  2
6  6  7  1
7  7  4  2
8  4  2  1
 9  2  8  1
10  8   1  1
11   6  4  1
12   8  6  1
stop